92,213,492,391,4,183,244,422,375,43,47,235,77,472,147
431,437,147,305,331,151,315,187,167,365
368,376,420,125,282,140,119,123,486,373,11,290,200,305,38,387,40,44,262,484
135,99,41,291,168,329,8,102,174,31,264,212,426,297,32
267,479,430,12,336,229,2,403,127,149,97,174,341,399,498,111,256,195,293,426
123,127,182,128,75,369,345,276,446,465,9,456,442,307,23
141,13,74,192,265,308,146,376,324,226,303,336,58,206,237,14,37,400,172,394
294,321,495,423,127,359,111,400,43,154
50,56,114,424,473,211,320,199,432,89,259,421,260,55,453,300,235,317,367,419
158,25,340,342,123,133,321,153,279,185,341,255,286,492,118,229,23,500,210,28
304,96,268,238,492,296,289,445,117,281
84,81,493,55,259,65,71,178,376,28,190,489,198,394,136,109,219,256,265,63
58,293,161,486,263,85,262,278,145,351
52,220,140,195,424,150,95,271,180,285,25,330,201,334,58
174,188,101,230,318,342,369,425,453,208
113,203,476,428,404,69,129,270,93,132,57,413,190,306,35,208,400,269,137,498
442,222,265,166,419,59,176,484,293,414,198,105,94,66,55
177,306,288,226,364,179,163,166,194,86
485,203,283,62,198,363,400,341,75,344,426,233,371,307,109,229,432,333,459,491
141,5,222,369,273,60,364,103,322,196,374,245,356,131,21
205,58,48,385,10,310,359,495,86,449,485,464,163,388,238,450,31,309,128,443
344,228,464,258,431,482,3,388,185,99,1,247,259,245,308
130,271,56,418,365,402,62,442,3,319,281,192,485,283,291,137,276,257,225,430
115,418,130,295,385,120,340,374,60,344,194,406,196,485,132
339,218,418,483,197,449,161,419,277,228,84,136,388,332,390,79,150,301,233,495
496,307,454,113,294,480,285,165,154,373
188,267,115,102,431,402,249,328,269,251,262,146,241,327,304,458,143,134,404,227
315,465,23,127,109,384,353,261,111,40,29,322,66,307,142
95,420,193,264,387,486,266,423,477,330,375,408,274,368,455,113,485,69,105,117
23,352,222,397,205,343,38,331,351,126,483,251,74,485,310